batch_size: 32
epochs: 100
accum_iter: 16
model: vit_base_patch16
input_size: 384
drop_path: 0.2
clip_grad: None
weight_decay: 0.05
adamW2: 0.999
lr: 0.004
blr: 0.001
layer_decay: 0.65
min_lr: 1e-06
warmup_epochs: 5
color_jitter: None
aa: rand-m9-mstd0.5-inc1
smoothing: 0.0
reprob: 0.25
remode: pixel
recount: 1
resplit: False
mixup: 0.8
cutmix: 1.0
cutmix_minmax: None
mixup_prob: 1.0
mixup_switch_prob: 0.5
mixup_mode: batch
loss: margin_bce
bal_tau: 1.0
finetune: /home/czh/xzz/MAE/ckpt/pretrain/iNat18/vit_base_128/checkpoint.pth
global_pool: True
attn_only: False
data_path: /diskC/xzz/iNat18
nb_classes: 8142
dataset: iNat18
imbf: 100
ckpt_dir: /home/czh/xzz/MAE/ckpt/finetune/iNat18/vit_base_patch16/margin_bce_384
log_dir: /home/czh/xzz/MAE/exp/finetune/iNat18/vit_base_patch16/margin_bce_384
device: cuda
seed: 0
prit: 1
resume: 
start_epoch: 0
eval: False
dist_eval: True
num_workers: 16
pin_mem: True
world_size: 2
local_rank: 1
dist_on_itp: False
dist_url: env://
rank: 1
gpu: 1
distributed: True
dist_backend: nccl
cls_num: [22, 34, 144, 44, 16, 19, 14, 25, 80, 19, 25, 20, 25, 24, 11, 25, 62, 28, 29, 37, 26, 18, 18, 11, 34, 25, 15, 33, 21, 19, 13, 27, 10, 24, 22, 19, 13, 30, 119, 13, 26, 23, 18, 33, 215, 27, 15, 12, 14, 21, 49, 14, 11, 24, 29, 33, 20, 19, 21, 442, 41, 18, 70, 93, 29, 29, 13, 63, 26, 27, 96, 41, 12, 22, 20, 15, 20, 28, 783, 15, 19, 139, 70, 27, 36, 146, 30, 33, 27, 25, 28, 20, 20, 94, 261, 21, 86, 9, 127, 22, 29, 20, 24, 218, 18, 26, 71, 18, 19, 24, 18, 13, 17, 28, 22, 14, 18, 16, 29, 73, 14, 32, 39, 76, 21, 19, 12, 24, 23, 26, 11, 25, 18, 11, 198, 116, 64, 23, 20, 24, 24, 15, 18, 27, 21, 14, 19, 20, 19, 17, 8, 28, 53, 172, 36, 35, 13, 57, 19, 23, 10, 16, 22, 81, 41, 19, 151, 75, 10, 15, 20, 15, 472, 18, 15, 24, 148, 16, 25, 18, 62, 18, 15, 19, 86, 17, 109, 19, 6, 8, 12, 26, 13, 17, 30, 149, 11, 24, 25, 17, 21, 13, 17, 26, 20, 25, 10, 29, 22, 25, 30, 131, 20, 28, 14, 11, 14, 13, 20, 24, 20, 19, 22, 15, 12, 19, 25, 11, 10, 37, 19, 11, 28, 26, 45, 18, 25, 15, 27, 28, 27, 18, 716, 26, 25, 22, 8, 33, 22, 14, 21, 13, 26, 14, 27, 28, 17, 9, 21, 24, 24, 9, 22, 22, 12, 21, 27, 23, 13, 10, 10, 14, 12, 39, 23, 34, 18, 16, 16, 36, 59, 19, 23, 21, 39, 18, 19, 15, 16, 21, 20, 23, 9, 21, 15, 33, 17, 19, 13, 24, 19, 17, 15, 14, 19, 19, 18, 19, 21, 20, 9, 13, 9, 17, 31, 23, 8, 19, 67, 17, 29, 20, 28, 16, 19, 8, 17, 31, 24, 20, 23, 40, 22, 9, 22, 23, 17, 29, 41, 22, 25, 28, 17, 26, 75, 18, 17, 17, 28, 157, 30, 9, 21, 18, 24, 21, 17, 15, 25, 26, 18, 14, 15, 11, 15, 20, 25, 9, 15, 118, 18, 21, 34, 28, 34, 15, 16, 23, 19, 20, 12, 17, 24, 8, 17, 54, 20, 17, 21, 9, 22, 11, 14, 20, 20, 20, 10, 19, 19, 11, 20, 15, 27, 17, 13, 13, 23, 22, 19, 26, 23, 14, 27, 19, 18, 27, 18, 28, 13, 20, 14, 18, 11, 18, 17, 12, 33, 24, 15, 19, 27, 27, 13, 22, 10, 22, 18, 12, 22, 32, 10, 15, 234, 32, 14, 19, 111, 16, 113, 41, 82, 922, 52, 9, 49, 169, 75, 32, 57, 20, 29, 26, 14, 15, 40, 22, 270, 127, 36, 11, 34, 18, 22, 23, 26, 10, 14, 20, 26, 241, 13, 17, 15, 19, 12, 10, 22, 150, 43, 50, 22, 21, 54, 317, 13, 15, 12, 488, 27, 1000, 28, 42, 25, 14, 11, 27, 28, 94, 12, 8, 14, 25, 15, 15, 20, 14, 28, 15, 187, 46, 15, 22, 281, 42, 25, 25, 16, 16, 9, 9, 23, 14, 25, 173, 24, 22, 22, 28, 14, 25, 16, 18, 28, 18, 20, 12, 24, 20, 29, 12, 1000, 8, 12, 12, 12, 15, 9, 554, 26, 25, 14, 26, 14, 61, 96, 30, 13, 24, 257, 17, 327, 441, 16, 174, 25, 62, 51, 174, 30, 24, 18, 11, 12, 100, 20, 22, 8, 15, 17, 21, 18, 27, 31, 13, 447, 39, 9, 17, 23, 114, 18, 26, 19, 11, 39, 189, 191, 83, 632, 49, 22, 216, 258, 26, 45, 20, 16, 24, 28, 25, 10, 94, 10, 29, 76, 16, 26, 256, 17, 22, 151, 1000, 615, 75, 90, 24, 553, 26, 17, 18, 28, 23, 16, 20, 21, 14, 25, 492, 65, 18, 14, 12, 18, 19, 25, 17, 51, 16, 17, 6, 9, 122, 8, 846, 68, 12, 75, 36, 26, 17, 23, 506, 13, 6, 254, 12, 198, 25, 283, 15, 12, 10, 22, 25, 24, 25, 27, 18, 106, 88, 27, 14, 13, 69, 20, 26, 20, 25, 9, 19, 27, 30, 16, 406, 110, 15, 15, 15, 23, 16, 11, 14, 13, 13, 40, 31, 41, 17, 188, 50, 27, 220, 29, 19, 23, 56, 45, 1000, 23, 19, 24, 18, 23, 245, 187, 12, 16, 30, 63, 28, 42, 20, 18, 18, 29, 22, 38, 25, 24, 20, 15, 26, 28, 19, 19, 19, 13, 26, 28, 20, 25, 28, 19, 16, 32, 25, 13, 12, 10, 39, 22, 21, 9, 24, 24, 12, 27, 18, 28, 22, 23, 30, 20, 30, 34, 19, 24, 10, 12, 24, 15, 272, 13, 13, 24, 21, 249, 13, 189, 28, 21, 91, 11, 16, 108, 85, 26, 11, 32, 14, 23, 14, 17, 19, 15, 18, 31, 19, 59, 41, 17, 13, 10, 21, 22, 12, 25, 103, 21, 80, 16, 20, 14, 295, 22, 17, 40, 66, 21, 23, 32, 32, 21, 10, 19, 22, 18, 25, 21, 23, 20, 21, 16, 8, 25, 23, 16, 23, 21, 21, 25, 23, 9, 27, 21, 13, 19, 27, 22, 19, 10, 8, 15, 18, 25, 17, 65, 16, 14, 25, 28, 18, 16, 28, 37, 15, 22, 20, 18, 14, 142, 24, 28, 18, 10, 20, 18, 23, 8, 22, 24, 20, 24, 23, 16, 21, 21, 16, 16, 11, 13, 24, 10, 23, 13, 16, 17, 19, 19, 17, 18, 11, 22, 28, 20, 27, 160, 33, 18, 18, 57, 8, 47, 25, 20, 35, 20, 16, 9, 28, 28, 25, 14, 14, 19, 26, 13, 24, 11, 23, 11, 60, 15, 27, 535, 37, 19, 24, 27, 29, 27, 11, 150, 20, 23, 33, 27, 15, 18, 360, 34, 30, 234, 38, 26, 25, 25, 12, 15, 20, 23, 28, 157, 11, 11, 115, 16, 134, 41, 305, 21, 49, 18, 28, 60, 18, 232, 38, 116, 247, 21, 23, 25, 29, 18, 18, 20, 30, 117, 19, 36, 237, 15, 23, 15, 14, 43, 20, 13, 13, 92, 9, 11, 18, 24, 18, 196, 22, 44, 25, 109, 17, 13, 34, 280, 24, 262, 12, 256, 20, 28, 17, 124, 33, 21, 23, 20, 12, 9, 10, 15, 15, 22, 24, 17, 20, 9, 20, 19, 15, 37, 31, 46, 15, 47, 24, 10, 21, 15, 9, 35, 16, 28, 25, 19, 28, 7, 20, 12, 21, 12, 7, 18, 14, 11, 9, 19, 29, 20, 32, 139, 10, 79, 12, 30, 75, 14, 18, 20, 17, 16, 12, 12, 21, 22, 16, 34, 125, 11, 17, 31, 22, 21, 13, 23, 20, 116, 311, 25, 30, 32, 15, 73, 44, 19, 21, 135, 22, 61, 24, 31, 1000, 41, 15, 74, 9, 22, 99, 40, 121, 24, 14, 107, 11, 19, 47, 155, 26, 51, 12, 11, 81, 20, 220, 760, 90, 279, 105, 26, 325, 40, 147, 31, 16, 13, 42, 7, 14, 22, 15, 36, 279, 11, 17, 14, 13, 20, 12, 11, 21, 12, 14, 24, 1000, 18, 34, 141, 58, 14, 38, 391, 41, 983, 19, 24, 41, 19, 25, 38, 573, 139, 28, 20, 62, 51, 18, 14, 73, 279, 17, 18, 224, 166, 25, 11, 7, 17, 17, 20, 29, 30, 29, 10, 23, 27, 22, 30, 26, 19, 19, 16, 23, 27, 29, 8, 21, 25, 25, 15, 28, 17, 14, 42, 129, 11, 9, 15, 11, 23, 27, 19, 16, 22, 67, 22, 19, 19, 54, 197, 21, 22, 28, 29, 40, 17, 18, 14, 12, 20, 25, 24, 26, 14, 21, 14, 11, 24, 22, 42, 25, 14, 26, 32, 26, 15, 27, 19, 24, 20, 16, 11, 72, 10, 8, 12, 23, 15, 12, 9, 22, 24, 25, 14, 15, 20, 17, 21, 11, 28, 119, 16, 30, 24, 14, 33, 28, 19, 71, 13, 13, 210, 33, 16, 28, 20, 28, 24, 13, 28, 20, 17, 19, 18, 25, 27, 33, 14, 21, 18, 26, 18, 17, 18, 40, 26, 27, 26, 18, 28, 22, 33, 26, 31, 14, 24, 8, 243, 27, 23, 23, 26, 20, 17, 28, 28, 10, 63, 20, 19, 16, 28, 26, 16, 20, 17, 24, 14, 17, 16, 28, 27, 25, 14, 21, 23, 25, 25, 20, 16, 25, 28, 23, 111, 24, 20, 24, 12, 24, 18, 14, 56, 24, 23, 24, 25, 23, 17, 20, 23, 14, 28, 19, 23, 22, 21, 15, 17, 15, 15, 36, 23, 26, 21, 24, 18, 11, 26, 16, 25, 13, 26, 16, 20, 27, 19, 22, 28, 26, 21, 18, 17, 17, 17, 15, 11, 10, 10, 22, 35, 17, 74, 13, 26, 131, 27, 22, 43, 24, 16, 18, 16, 22, 28, 18, 22, 44, 14, 18, 18, 18, 13, 15, 27, 20, 19, 21, 15, 15, 27, 11, 25, 19, 20, 24, 19, 25, 12, 24, 17, 22, 21, 25, 16, 25, 17, 25, 24, 16, 10, 22, 28, 15, 17, 26, 11, 19, 27, 19, 24, 16, 26, 28, 19, 27, 25, 14, 18, 26, 13, 14, 10, 23, 14, 16, 15, 24, 13, 20, 28, 17, 25, 12, 26, 27, 20, 22, 22, 10, 20, 23, 13, 23, 18, 10, 27, 11, 696, 15, 14, 27, 22, 18, 19, 25, 21, 23, 25, 132, 20, 13, 17, 18, 10, 15, 24, 18, 25, 13, 14, 11, 21, 18, 14, 28, 25, 18, 21, 27, 20, 18, 29, 20, 23, 12, 27, 15, 25, 24, 14, 12, 11, 26, 21, 27, 16, 28, 28, 26, 28, 22, 20, 17, 64, 24, 26, 28, 21, 22, 23, 16, 12, 19, 16, 12, 12, 24, 11, 28, 24, 14, 28, 20, 19, 22, 149, 20, 23, 22, 15, 21, 13, 16, 13, 13, 20, 24, 14, 27, 12, 20, 23, 28, 20, 23, 28, 23, 948, 20, 25, 26, 22, 13, 26, 18, 25, 20, 20, 17, 14, 28, 20, 23, 17, 13, 14, 22, 25, 16, 26, 430, 19, 24, 13, 28, 16, 20, 21, 20, 13, 18, 25, 21, 22, 30, 25, 18, 17, 15, 47, 13, 27, 19, 19, 15, 62, 12, 34, 37, 25, 27, 13, 27, 27, 26, 19, 20, 11, 23, 16, 25, 20, 18, 19, 34, 24, 23, 12, 10, 13, 25, 13, 19, 28, 25, 13, 23, 26, 25, 25, 27, 23, 28, 14, 15, 19, 12, 16, 18, 15, 13, 19, 22, 15, 20, 20, 25, 24, 19, 19, 18, 22, 13, 11, 23, 25, 27, 14, 26, 27, 13, 16, 26, 19, 27, 17, 24, 12, 42, 25, 11, 16, 13, 19, 24, 16, 23, 19, 25, 14, 28, 28, 13, 605, 238, 25, 29, 167, 173, 134, 82, 20, 19, 145, 11, 15, 21, 22, 10, 24, 13, 622, 18, 18, 26, 19, 6, 7, 24, 29, 28, 18, 20, 381, 18, 20, 25, 82, 35, 285, 32, 22, 15, 21, 7, 20, 22, 157, 28, 32, 85, 22, 178, 28, 24, 128, 19, 87, 443, 25, 12, 27, 55, 25, 13, 14, 24, 54, 24, 15, 24, 40, 41, 13, 25, 22, 20, 21, 25, 27, 19, 19, 22, 15, 24, 28, 26, 184, 835, 16, 585, 26, 28, 149, 264, 12, 185, 264, 21, 19, 10, 14, 14, 40, 43, 11, 19, 17, 78, 12, 20, 19, 23, 10, 27, 25, 150, 14, 120, 43, 23, 51, 18, 34, 28, 28, 20, 12, 82, 425, 24, 26, 14, 18, 25, 168, 51, 21, 15, 26, 23, 26, 41, 312, 14, 16, 28, 17, 17, 8, 460, 17, 72, 14, 162, 251, 11, 12, 21, 19, 15, 25, 19, 14, 763, 107, 19, 13, 19, 110, 26, 12, 23, 366, 28, 1000, 83, 776, 15, 107, 98, 44, 16, 205, 56, 13, 12, 21, 20, 17, 28, 31, 11, 5, 22, 9, 250, 49, 23, 23, 80, 16, 16, 15, 23, 11, 966, 15, 15, 94, 25, 27, 21, 14, 17, 61, 147, 11, 15, 94, 12, 16, 17, 25, 13, 14, 21, 49, 120, 12, 21, 15, 19, 1000, 12, 671, 123, 20, 328, 11, 354, 28, 19, 31, 16, 129, 1000, 27, 105, 43, 24, 10, 140, 180, 27, 6, 31, 9, 25, 7, 26, 268, 186, 19, 485, 29, 78, 11, 158, 22, 182, 134, 1000, 52, 659, 382, 42, 197, 17, 35, 27, 72, 26, 90, 72, 45, 29, 28, 433, 14, 268, 22, 71, 415, 4, 27, 6, 18, 4, 30, 29, 266, 22, 24, 437, 280, 585, 16, 26, 69, 12, 27, 2, 6, 5, 11, 15, 24, 110, 16, 22, 17, 25, 25, 25, 15, 26, 13, 17, 25, 23, 33, 35, 23, 24, 38, 27, 21, 21, 95, 28, 19, 16, 30, 25, 34, 16, 33, 47, 36, 17, 15, 93, 401, 876, 31, 23, 18, 14, 27, 24, 16, 13, 20, 212, 7, 20, 38, 11, 15, 17, 25, 21, 28, 28, 23, 34, 90, 202, 129, 18, 27, 19, 1000, 585, 37, 16, 14, 92, 11, 26, 11, 26, 172, 20, 24, 18, 28, 17, 13, 28, 11, 16, 24, 62, 130, 7, 28, 253, 17, 1000, 38, 30, 27, 21, 52, 353, 22, 34, 14, 10, 15, 26, 46, 248, 22, 15, 129, 95, 103, 26, 14, 27, 27, 62, 10, 15, 20, 17, 35, 179, 188, 119, 17, 27, 10, 22, 17, 290, 22, 17, 350, 24, 255, 132, 15, 928, 12, 149, 55, 124, 31, 328, 34, 157, 39, 673, 18, 25, 21, 500, 54, 25, 23, 35, 192, 259, 116, 33, 8, 33, 13, 78, 134, 255, 82, 43, 43, 623, 470, 78, 13, 41, 643, 313, 162, 17, 359, 207, 131, 62, 16, 17, 475, 26, 64, 24, 67, 130, 51, 356, 280, 25, 26, 287, 80, 97, 17, 138, 58, 442, 679, 158, 28, 16, 25, 15, 17, 27, 19, 27, 91, 10, 25, 27, 13, 28, 227, 18, 11, 23, 15, 1000, 28, 130, 13, 412, 83, 59, 22, 26, 41, 869, 46, 15, 16, 29, 24, 137, 34, 25, 14, 25, 12, 59, 673, 25, 9, 14, 24, 12, 35, 26, 13, 16, 547, 32, 26, 1000, 29, 49, 38, 76, 10, 12, 22, 15, 11, 18, 622, 28, 13, 73, 23, 60, 24, 26, 17, 14, 12, 27, 36, 15, 16, 23, 26, 29, 18, 22, 43, 20, 18, 18, 14, 15, 88, 17, 209, 12, 400, 15, 62, 14, 27, 26, 297, 27, 184, 17, 322, 23, 930, 233, 25, 24, 10, 23, 27, 21, 19, 85, 7, 26, 376, 21, 43, 78, 54, 72, 18, 29, 73, 18, 21, 57, 19, 29, 15, 1000, 54, 13, 139, 23, 19, 454, 35, 88, 12, 22, 86, 28, 349, 40, 27, 28, 10, 15, 15, 1000, 7, 27, 221, 28, 121, 399, 30, 29, 17, 6, 81, 16, 88, 23, 20, 46, 22, 28, 22, 15, 26, 40, 11, 15, 17, 24, 18, 37, 477, 17, 48, 178, 8, 31, 25, 20, 857, 42, 21, 14, 27, 47, 21, 13, 10, 1000, 79, 10, 76, 235, 236, 324, 15, 257, 247, 24, 218, 127, 290, 93, 267, 18, 15, 55, 21, 12, 17, 13, 24, 16, 582, 19, 40, 52, 910, 677, 119, 26, 101, 11, 14, 38, 9, 66, 16, 768, 391, 15, 23, 21, 18, 85, 30, 28, 18, 26, 22, 99, 15, 65, 13, 18, 75, 61, 118, 29, 165, 55, 13, 21, 20, 16, 14, 84, 10, 23, 26, 15, 13, 20, 12, 14, 25, 132, 23, 20, 24, 26, 13, 22, 46, 17, 14, 26, 14, 17, 20, 62, 24, 117, 99, 24, 36, 32, 31, 12, 24, 13, 235, 40, 1000, 164, 16, 13, 7, 8, 67, 38, 31, 26, 19, 261, 761, 1000, 26, 8, 20, 23, 24, 15, 16, 31, 30, 800, 11, 12, 196, 21, 9, 138, 24, 16, 14, 31, 14, 160, 30, 19, 13, 471, 108, 20, 1000, 34, 15, 72, 90, 46, 372, 22, 32, 26, 131, 19, 254, 326, 78, 23, 19, 30, 14, 25, 18, 11, 75, 137, 157, 562, 9, 19, 37, 23, 27, 14, 106, 989, 383, 23, 71, 232, 141, 51, 25, 11, 7, 19, 15, 66, 14, 21, 388, 19, 19, 10, 14, 10, 26, 25, 21, 25, 21, 9, 13, 115, 26, 14, 18, 20, 21, 9, 204, 476, 24, 19, 30, 85, 24, 22, 18, 1000, 11, 17, 373, 38, 136, 197, 18, 15, 23, 24, 14, 25, 8, 20, 143, 21, 15, 26, 10, 12, 24, 212, 24, 43, 27, 25, 22, 22, 23, 16, 198, 28, 26, 24, 22, 21, 21, 50, 12, 23, 17, 119, 30, 23, 16, 35, 12, 20, 18, 21, 13, 17, 80, 22, 16, 19, 13, 21, 13, 16, 27, 26, 63, 16, 21, 67, 385, 152, 23, 12, 133, 14, 144, 13, 18, 50, 733, 339, 105, 13, 18, 9, 242, 15, 27, 17, 20, 29, 395, 17, 15, 30, 602, 26, 263, 22, 12, 366, 15, 50, 151, 16, 25, 42, 53, 64, 128, 13, 114, 64, 53, 1000, 43, 44, 60, 17, 26, 124, 25, 82, 36, 184, 120, 496, 126, 10, 233, 42, 252, 32, 149, 14, 63, 19, 12, 44, 133, 32, 17, 17, 30, 18, 297, 1000, 7, 117, 243, 1000, 20, 506, 215, 19, 18, 572, 242, 26, 21, 13, 12, 34, 161, 539, 178, 15, 86, 31, 78, 599, 122, 115, 639, 369, 46, 1000, 26, 108, 26, 1000, 17, 23, 27, 104, 27, 12, 6, 17, 24, 7, 13, 32, 9, 21, 27, 14, 20, 13, 25, 26, 9, 22, 13, 19, 18, 471, 9, 26, 20, 18, 60, 141, 38, 20, 12, 23, 10, 17, 13, 14, 20, 638, 160, 80, 26, 10, 79, 25, 39, 228, 654, 12, 78, 71, 23, 27, 25, 12, 118, 13, 20, 28, 19, 22, 15, 21, 15, 22, 23, 1000, 32, 30, 14, 26, 13, 32, 19, 28, 23, 27, 24, 48, 28, 17, 124, 16, 19, 22, 37, 14, 35, 27, 18, 27, 19, 10, 19, 189, 22, 17, 27, 15, 15, 35, 67, 16, 16, 26, 29, 35, 23, 38, 146, 23, 13, 10, 72, 109, 16, 159, 530, 16, 13, 377, 284, 37, 20, 30, 366, 14, 92, 50, 90, 12, 31, 141, 500, 695, 23, 14, 15, 25, 18, 13, 124, 15, 10, 21, 28, 409, 1000, 14, 83, 64, 12, 97, 26, 23, 47, 91, 59, 15, 13, 13, 64, 17, 17, 12, 11, 19, 24, 9, 31, 24, 181, 118, 28, 30, 11, 15, 169, 378, 683, 913, 39, 690, 343, 12, 23, 24, 371, 133, 391, 332, 208, 21, 28, 11, 16, 28, 18, 13, 140, 94, 62, 119, 21, 25, 25, 66, 67, 16, 1000, 306, 12, 1000, 13, 10, 37, 15, 13, 30, 99, 21, 499, 44, 961, 441, 144, 12, 115, 187, 1000, 344, 15, 25, 417, 21, 935, 22, 33, 17, 10, 59, 36, 26, 754, 1000, 22, 14, 523, 20, 19, 10, 245, 311, 101, 15, 26, 8, 7, 15, 26, 18, 25, 20, 22, 32, 47, 24, 18, 21, 15, 27, 27, 756, 17, 13, 13, 21, 109, 15, 21, 14, 25, 28, 28, 52, 16, 415, 19, 327, 760, 95, 167, 16, 495, 25, 13, 17, 10, 26, 52, 15, 13, 180, 28, 1000, 203, 357, 25, 89, 346, 11, 19, 83, 244, 17, 21, 218, 122, 53, 21, 365, 793, 22, 27, 61, 15, 25, 56, 17, 26, 34, 24, 22, 25, 27, 43, 7, 16, 28, 17, 19, 39, 16, 23, 10, 14, 25, 23, 12, 17, 35, 29, 13, 26, 15, 21, 12, 13, 45, 11, 19, 18, 157, 25, 22, 22, 21, 15, 14, 26, 12, 21, 52, 32, 195, 26, 20, 27, 18, 21, 19, 25, 31, 18, 190, 24, 26, 14, 107, 411, 64, 28, 15, 95, 17, 27, 28, 10, 18, 18, 234, 96, 263, 10, 225, 9, 88, 18, 13, 13, 1000, 331, 26, 217, 59, 115, 133, 9, 225, 34, 59, 50, 31, 24, 38, 15, 23, 19, 30, 15, 23, 25, 24, 21, 9, 24, 14, 15, 24, 19, 18, 27, 28, 24, 22, 26, 14, 16, 10, 22, 24, 27, 16, 26, 24, 13, 25, 27, 23, 22, 21, 167, 36, 8, 10, 93, 21, 14, 26, 37, 12, 34, 18, 20, 11, 17, 18, 19, 17, 14, 43, 13, 52, 10, 21, 22, 104, 19, 12, 21, 13, 37, 11, 26, 10, 16, 19, 235, 153, 5, 9, 20, 950, 1000, 27, 21, 36, 45, 30, 160, 86, 21, 9, 900, 26, 22, 20, 22, 233, 8, 25, 23, 483, 25, 55, 16, 23, 23, 18, 472, 42, 23, 39, 22, 18, 13, 20, 13, 15, 20, 25, 14, 31, 20, 274, 14, 14, 139, 181, 16, 24, 20, 12, 14, 21, 11, 32, 20, 24, 24, 14, 77, 20, 98, 20, 15, 38, 341, 11, 23, 86, 34, 407, 31, 122, 18, 1000, 359, 39, 15, 18, 21, 20, 20, 11, 16, 235, 14, 11, 19, 32, 20, 86, 11, 35, 27, 18, 17, 22, 28, 80, 16, 21, 19, 59, 27, 23, 17, 294, 20, 12, 380, 26, 24, 14, 12, 15, 25, 12, 63, 20, 20, 125, 28, 21, 28, 22, 16, 16, 29, 254, 64, 8, 75, 16, 223, 70, 119, 26, 512, 16, 138, 24, 61, 8, 14, 19, 28, 22, 16, 28, 20, 10, 35, 21, 17, 22, 16, 19, 26, 20, 84, 444, 11, 22, 133, 27, 15, 25, 20, 194, 18, 78, 27, 23, 11, 82, 150, 21, 12, 149, 17, 384, 95, 20, 11, 120, 206, 530, 206, 17, 15, 13, 12, 82, 1000, 13, 11, 154, 1000, 81, 19, 13, 38, 19, 23, 20, 21, 499, 11, 19, 68, 420, 15, 24, 26, 12, 21, 35, 27, 490, 15, 61, 27, 14, 203, 14, 10, 13, 12, 16, 19, 21, 21, 10, 39, 12, 25, 537, 10, 14, 22, 7, 24, 25, 24, 18, 26, 19, 17, 47, 25, 12, 17, 137, 255, 26, 53, 14, 19, 14, 13, 23, 20, 23, 26, 25, 231, 52, 14, 6, 25, 19, 97, 34, 17, 60, 12, 16, 24, 28, 157, 21, 8, 13, 51, 17, 20, 33, 6, 24, 15, 25, 11, 13, 15, 25, 13, 51, 10, 216, 104, 162, 244, 14, 24, 169, 113, 135, 284, 11, 13, 675, 23, 126, 20, 47, 16, 24, 170, 43, 19, 59, 35, 131, 24, 22, 182, 244, 698, 26, 22, 28, 23, 19, 10, 11, 44, 73, 20, 105, 961, 8, 15, 10, 24, 379, 17, 25, 18, 65, 49, 21, 20, 27, 24, 43, 11, 337, 12, 9, 15, 12, 16, 17, 14, 21, 41, 142, 58, 53, 8, 245, 74, 13, 13, 154, 7, 25, 14, 25, 17, 23, 33, 23, 50, 22, 101, 111, 14, 19, 15, 104, 69, 272, 62, 12, 46, 12, 22, 25, 75, 35, 26, 19, 106, 17, 19, 9, 26, 20, 1000, 393, 36, 64, 9, 14, 29, 31, 63, 31, 34, 17, 16, 11, 118, 23, 876, 24, 37, 24, 22, 22, 8, 8, 208, 14, 26, 42, 30, 117, 192, 25, 11, 22, 15, 26, 9, 19, 9, 20, 18, 32, 186, 47, 17, 25, 24, 57, 16, 19, 229, 17, 25, 14, 12, 18, 15, 15, 15, 12, 302, 368, 16, 12, 21, 649, 24, 33, 96, 43, 16, 28, 7, 352, 7, 28, 7, 26, 39, 66, 24, 63, 7, 22, 12, 25, 12, 24, 117, 46, 662, 28, 84, 60, 575, 27, 29, 10, 13, 9, 69, 540, 158, 1000, 15, 12, 24, 26, 20, 28, 12, 24, 17, 41, 15, 19, 29, 98, 15, 47, 9, 11, 32, 152, 28, 11, 12, 44, 91, 150, 145, 24, 55, 14, 21, 22, 16, 108, 22, 22, 25, 23, 20, 19, 18, 9, 20, 25, 29, 17, 63, 20, 45, 12, 16, 24, 13, 9, 17, 10, 33, 569, 38, 26, 12, 29, 21, 24, 173, 41, 23, 151, 26, 23, 20, 21, 24, 12, 17, 30, 147, 12, 12, 15, 25, 32, 20, 26, 23, 15, 21, 24, 9, 15, 22, 28, 24, 13, 26, 16, 141, 17, 12, 20, 22, 14, 18, 20, 24, 15, 13, 37, 28, 27, 13, 15, 27, 23, 28, 14, 14, 23, 20, 61, 11, 21, 28, 18, 12, 20, 24, 20, 21, 28, 28, 15, 22, 24, 14, 18, 15, 51, 27, 21, 20, 20, 19, 86, 21, 28, 18, 19, 28, 27, 20, 22, 17, 19, 21, 23, 22, 28, 27, 17, 21, 19, 19, 21, 27, 14, 173, 22, 24, 18, 13, 13, 11, 22, 28, 27, 9, 19, 16, 20, 18, 18, 20, 44, 45, 19, 13, 37, 24, 16, 27, 28, 28, 18, 10, 23, 14, 10, 24, 11, 23, 107, 20, 14, 24, 18, 24, 28, 27, 20, 21, 22, 22, 15, 16, 18, 23, 11, 18, 28, 21, 16, 22, 9, 17, 19, 16, 14, 16, 15, 12, 17, 23, 24, 18, 70, 21, 28, 11, 7, 15, 19, 25, 26, 16, 28, 26, 27, 28, 23, 13, 11, 7, 11, 7, 17, 9, 13, 8, 28, 7, 56, 160, 131, 7, 15, 36, 22, 17, 9, 105, 163, 11, 26, 25, 28, 7, 19, 28, 14, 23, 27, 307, 17, 23, 13, 26, 55, 36, 11, 9, 21, 22, 23, 14, 14, 27, 13, 16, 18, 26, 21, 25, 189, 266, 9, 10, 7, 14, 15, 16, 56, 11, 14, 15, 23, 24, 25, 36, 97, 26, 9, 23, 27, 15, 16, 19, 18, 19, 24, 9, 13, 17, 24, 20, 63, 706, 21, 35, 116, 18, 11, 26, 16, 34, 10, 26, 120, 22, 13, 20, 22, 26, 21, 27, 21, 24, 17, 10, 21, 27, 93, 28, 24, 13, 32, 13, 22, 21, 15, 19, 19, 20, 77, 30, 23, 71, 21, 66, 14, 28, 22, 16, 22, 25, 10, 32, 15, 1000, 12, 41, 9, 22, 28, 10, 28, 12, 47, 28, 14, 25, 26, 19, 16, 27, 18, 57, 30, 37, 25, 25, 10, 9, 21, 11, 27, 16, 20, 14, 23, 14, 28, 22, 24, 18, 17, 25, 17, 9, 53, 51, 16, 28, 25, 12, 17, 28, 27, 11, 20, 23, 27, 23, 9, 26, 14, 30, 9, 10, 22, 13, 23, 11, 12, 14, 30, 10, 19, 34, 26, 9, 8, 127, 28, 27, 25, 24, 18, 13, 25, 14, 9, 77, 16, 22, 17, 15, 358, 23, 26, 20, 19, 21, 13, 15, 20, 17, 63, 20, 9, 10, 28, 24, 37, 13, 9, 13, 21, 22, 9, 10, 9, 13, 12, 20, 22, 17, 9, 20, 18, 27, 20, 17, 28, 14, 23, 33, 25, 12, 21, 13, 12, 13, 14, 13, 7, 22, 25, 9, 15, 119, 28, 20, 24, 286, 11, 24, 15, 10, 14, 14, 12, 24, 9, 11, 10, 12, 333, 13, 20, 13, 18, 18, 9, 14, 10, 28, 27, 24, 16, 16, 19, 28, 27, 20, 16, 15, 15, 9, 17, 10, 9, 18, 9, 24, 16, 25, 16, 117, 32, 13, 10, 18, 24, 22, 14, 27, 7, 21, 92, 19, 26, 17, 10, 18, 13, 19, 24, 10, 17, 10, 12, 23, 18, 9, 18, 45, 16, 10, 21, 14, 81, 14, 8, 20, 61, 10, 13, 19, 22, 10, 25, 22, 16, 20, 8, 12, 23, 19, 14, 19, 10, 17, 28, 8, 7, 19, 13, 25, 26, 21, 8, 27, 13, 20, 21, 22, 15, 23, 14, 25, 19, 22, 18, 16, 21, 18, 10, 28, 14, 24, 26, 17, 28, 13, 17, 19, 19, 11, 9, 28, 9, 17, 20, 16, 15, 12, 20, 25, 22, 17, 12, 18, 15, 27, 12, 19, 24, 15, 67, 19, 15, 19, 22, 21, 26, 14, 19, 15, 22, 8, 14, 21, 10, 37, 25, 56, 9, 13, 16, 10, 14, 11, 20, 20, 18, 23, 22, 24, 12, 22, 17, 280, 10, 15, 14, 11, 79, 25, 20, 12, 18, 101, 19, 20, 12, 23, 26, 227, 18, 24, 12, 13, 10, 13, 28, 22, 13, 12, 10, 26, 20, 16, 13, 30, 12, 13, 11, 17, 17, 28, 17, 26, 15, 25, 12, 42, 22, 22, 16, 28, 23, 21, 21, 26, 23, 12, 26, 58, 11, 25, 11, 24, 15, 19, 22, 25, 24, 14, 16, 70, 11, 54, 25, 36, 14, 26, 19, 30, 36, 25, 8, 25, 56, 78, 29, 16, 11, 11, 30, 12, 20, 14, 21, 53, 18, 38, 602, 58, 22, 20, 183, 22, 18, 17, 44, 18, 13, 28, 15, 16, 21, 21, 25, 18, 12, 23, 210, 49, 24, 31, 19, 16, 20, 14, 28, 21, 19, 19, 45, 51, 14, 18, 18, 27, 18, 23, 16, 105, 23, 15, 9, 10, 59, 8, 23, 20, 18, 12, 21, 11, 21, 12, 16, 14, 21, 15, 21, 9, 14, 11, 27, 17, 20, 101, 103, 15, 11, 28, 21, 10, 215, 15, 17, 17, 19, 8, 235, 12, 23, 16, 16, 25, 22, 187, 29, 326, 70, 14, 25, 17, 18, 27, 15, 16, 26, 36, 15, 22, 11, 23, 25, 24, 29, 123, 94, 26, 16, 23, 16, 30, 24, 26, 23, 24, 25, 27, 13, 58, 15, 16, 24, 52, 15, 12, 28, 23, 18, 27, 59, 20, 28, 25, 123, 13, 27, 78, 11, 21, 28, 20, 203, 15, 15, 11, 23, 17, 13, 16, 18, 13, 13, 15, 37, 20, 27, 14, 27, 17, 11, 67, 23, 17, 24, 23, 23, 11, 16, 223, 16, 20, 28, 32, 15, 18, 18, 12, 24, 17, 32, 27, 20, 114, 19, 26, 43, 87, 18, 21, 26, 22, 17, 14, 20, 22, 22, 24, 28, 14, 17, 13, 21, 24, 16, 24, 24, 16, 19, 27, 16, 21, 25, 13, 21, 17, 20, 23, 20, 27, 11, 41, 12, 23, 14, 27, 28, 14, 10, 16, 15, 22, 17, 28, 20, 10, 14, 9, 17, 15, 9, 27, 15, 42, 18, 65, 16, 21, 18, 84, 45, 17, 31, 24, 17, 75, 128, 17, 31, 10, 30, 26, 22, 37, 40, 86, 25, 22, 11, 19, 12, 17, 11, 30, 55, 28, 14, 40, 16, 13, 127, 10, 45, 290, 17, 25, 73, 16, 17, 15, 24, 14, 8, 20, 23, 29, 20, 121, 21, 17, 10, 57, 25, 21, 15, 17, 18, 31, 270, 18, 168, 19, 96, 84, 7, 48, 81, 39, 11, 70, 10, 24, 20, 19, 29, 15, 14, 21, 28, 15, 27, 23, 19, 127, 18, 120, 14, 20, 17, 23, 17, 16, 15, 25, 20, 14, 26, 15, 18, 28, 18, 25, 24, 18, 26, 17, 31, 17, 13, 24, 27, 21, 27, 21, 13, 27, 23, 15, 28, 19, 25, 13, 10, 11, 20, 17, 11, 36, 18, 18, 24, 24, 15, 14, 15, 20, 20, 14, 22, 22, 24, 13, 28, 23, 19, 28, 17, 23, 27, 55, 44, 18, 21, 23, 18, 80, 22, 14, 25, 26, 47, 16, 12, 49, 25, 11, 32, 12, 23, 20, 10, 19, 26, 71, 21, 12, 15, 31, 71, 12, 21, 15, 16, 12, 22, 15, 21, 24, 22, 20, 18, 19, 17, 23, 12, 22, 10, 27, 12, 25, 20, 35, 20, 28, 17, 15, 17, 21, 18, 17, 17, 27, 16, 17, 76, 26, 171, 16, 28, 134, 51, 23, 17, 16, 25, 62, 54, 18, 9, 19, 200, 49, 21, 12, 20, 26, 9, 17, 232, 29, 25, 14, 24, 23, 14, 18, 21, 16, 24, 45, 15, 16, 16, 15, 8, 26, 10, 20, 19, 11, 21, 21, 138, 13, 17, 22, 488, 19, 20, 23, 47, 13, 23, 52, 20, 102, 270, 25, 11, 158, 12, 26, 24, 22, 18, 13, 22, 14, 18, 161, 26, 34, 27, 43, 19, 39, 26, 26, 23, 28, 10, 31, 15, 49, 18, 28, 48, 21, 25, 16, 68, 32, 15, 353, 28, 20, 19, 33, 16, 14, 35, 43, 9, 77, 19, 12, 28, 22, 18, 26, 26, 48, 67, 14, 30, 30, 64, 22, 44, 25, 50, 22, 9, 25, 10, 8, 173, 47, 80, 17, 920, 17, 17, 14, 24, 27, 65, 116, 13, 16, 89, 29, 17, 8, 26, 45, 97, 12, 22, 137, 28, 15, 18, 17, 31, 53, 36, 23, 21, 27, 22, 17, 12, 25, 287, 11, 20, 134, 20, 23, 17, 19, 29, 30, 28, 21, 27, 63, 336, 159, 15, 10, 24, 32, 9, 162, 12, 16, 8, 19, 26, 37, 20, 23, 15, 26, 41, 19, 14, 47, 13, 26, 85, 20, 63, 14, 28, 13, 18, 25, 21, 13, 43, 55, 16, 21, 68, 28, 16, 18, 26, 14, 19, 28, 11, 20, 325, 24, 20, 118, 24, 20, 34, 49, 19, 46, 24, 11, 21, 23, 29, 284, 84, 27, 32, 13, 56, 11, 10, 37, 33, 36, 14, 21, 25, 18, 23, 10, 11, 19, 22, 31, 27, 21, 18, 18, 8, 97, 52, 69, 22, 15, 22, 11, 77, 25, 21, 21, 68, 40, 18, 18, 62, 28, 51, 17, 99, 41, 19, 37, 25, 51, 28, 21, 16, 250, 21, 26, 25, 26, 22, 11, 28, 27, 19, 10, 72, 26, 17, 16, 26, 130, 17, 13, 23, 24, 21, 20, 13, 102, 46, 267, 17, 35, 11, 112, 18, 25, 16, 20, 57, 18, 24, 22, 27, 38, 17, 17, 17, 19, 84, 27, 25, 22, 26, 17, 17, 16, 58, 23, 21, 221, 14, 20, 16, 20, 20, 9, 40, 20, 12, 22, 48, 22, 141, 30, 17, 23, 12, 64, 10, 20, 32, 15, 14, 24, 20, 27, 16, 23, 20, 18, 18, 17, 24, 36, 25, 9, 27, 12, 25, 11, 8, 24, 8, 15, 14, 11, 21, 30, 29, 10, 14, 17, 27, 23, 11, 29, 18, 22, 21, 23, 28, 25, 20, 8, 16, 17, 21, 132, 255, 26, 14, 19, 12, 15, 18, 21, 28, 22, 27, 12, 15, 9, 27, 9, 20, 14, 16, 16, 11, 13, 26, 17, 12, 83, 12, 10, 43, 155, 42, 49, 29, 18, 11, 11, 19, 28, 9, 21, 15, 21, 8, 19, 18, 23, 20, 26, 13, 16, 11, 67, 85, 12, 13, 32, 15, 14, 19, 10, 10, 162, 25, 23, 11, 8, 15, 19, 22, 44, 27, 20, 88, 15, 854, 20, 47, 18, 13, 67, 19, 31, 14, 15, 12, 211, 29, 22, 12, 35, 49, 28, 42, 22, 17, 14, 14, 24, 22, 23, 12, 17, 16, 112, 12, 17, 14, 14, 14, 16, 18, 19, 82, 11, 16, 32, 21, 20, 10, 32, 192, 20, 17, 96, 25, 14, 29, 20, 18, 15, 15, 23, 26, 20, 17, 20, 85, 13, 15, 94, 11, 66, 20, 12, 13, 85, 7, 10, 23, 18, 17, 24, 59, 10, 36, 22, 24, 25, 22, 83, 16, 18, 27, 28, 12, 20, 32, 19, 24, 23, 20, 11, 14, 24, 21, 24, 11, 22, 26, 13, 27, 21, 25, 22, 21, 22, 10, 20, 388, 12, 20, 11, 18, 40, 18, 19, 9, 64, 123, 100, 141, 64, 12, 21, 25, 15, 21, 19, 26, 21, 69, 16, 19, 33, 27, 104, 89, 22, 13, 24, 21, 48, 45, 25, 8, 108, 18, 11, 11, 13, 26, 55, 15, 17, 15, 21, 21, 16, 104, 26, 25, 68, 23, 9, 16, 10, 20, 16, 23, 25, 16, 23, 26, 24, 12, 25, 23, 11, 27, 34, 11, 22, 24, 15, 12, 24, 17, 16, 21, 20, 16, 10, 20, 13, 28, 18, 27, 22, 60, 28, 19, 25, 8, 28, 22, 19, 22, 9, 67, 84, 11, 9, 21, 18, 31, 11, 22, 11, 21, 32, 10, 17, 21, 13, 22, 13, 17, 13, 27, 14, 11, 23, 13, 26, 27, 24, 10, 24, 12, 22, 14, 18, 12, 82, 18, 10, 25, 18, 47, 19, 59, 91, 14, 13, 26, 10, 12, 26, 22, 25, 21, 13, 25, 19, 17, 26, 13, 13, 22, 66, 17, 17, 26, 10, 17, 26, 17, 11, 26, 9, 9, 55, 29, 33, 60, 71, 25, 22, 11, 20, 23, 51, 17, 28, 10, 15, 21, 127, 15, 10, 26, 20, 14, 8, 26, 97, 29, 20, 15, 87, 21, 17, 28, 20, 260, 25, 30, 222, 26, 21, 27, 43, 36, 19, 21, 34, 11, 14, 25, 443, 19, 17, 35, 18, 23, 13, 23, 15, 24, 33, 20, 26, 10, 26, 18, 13, 20, 18, 365, 21, 24, 56, 22, 32, 12, 30, 11, 321, 14, 36, 29, 14, 18, 10, 8, 16, 16, 92, 15, 35, 14, 88, 113, 13, 28, 26, 123, 21, 20, 21, 59, 51, 35, 19, 31, 12, 26, 22, 24, 11, 16, 22, 31, 201, 52, 129, 22, 12, 151, 15, 15, 26, 16, 13, 13, 28, 22, 25, 12, 10, 22, 23, 17, 21, 23, 26, 16, 56, 15, 28, 15, 46, 16, 53, 79, 16, 291, 118, 67, 20, 10, 131, 10, 54, 7, 34, 14, 19, 57, 62, 16, 15, 12, 44, 23, 19, 110, 72, 203, 34, 20, 32, 10, 14, 14, 18, 20, 16, 83, 24, 12, 24, 28, 9, 25, 429, 15, 85, 13, 20, 40, 20, 8, 28, 20, 253, 21, 58, 13, 35, 122, 30, 28, 14, 20, 20, 36, 24, 20, 19, 13, 18, 17, 26, 95, 106, 9, 138, 16, 14, 36, 19, 13, 48, 363, 13, 70, 13, 30, 20, 25, 23, 27, 20, 24, 51, 28, 12, 22, 90, 10, 14, 22, 17, 75, 30, 22, 13, 18, 23, 123, 18, 28, 18, 28, 18, 27, 22, 64, 24, 13, 19, 26, 16, 31, 17, 24, 19, 26, 66, 18, 16, 14, 14, 17, 16, 34, 352, 15, 20, 6, 32, 7, 25, 20, 20, 14, 30, 10, 37, 13, 20, 58, 13, 8, 15, 24, 25, 34, 21, 14, 23, 25, 161, 22, 23, 14, 27, 18, 14, 20, 17, 11, 12, 28, 24, 17, 24, 17, 25, 121, 18, 16, 21, 45, 24, 32, 29, 12, 16, 18, 21, 27, 17, 19, 15, 29, 24, 20, 20, 24, 9, 15, 20, 25, 28, 12, 20, 18, 12, 37, 18, 264, 19, 28, 152, 24, 23, 20, 15, 67, 13, 13, 28, 8, 27, 15, 23, 17, 51, 110, 22, 17, 15, 25, 15, 14, 23, 9, 15, 45, 28, 28, 27, 14, 22, 16, 21, 247, 16, 29, 104, 20, 25, 9, 33, 26, 24, 16, 21, 18, 21, 15, 17, 140, 23, 16, 11, 25, 27, 28, 90, 17, 45, 29, 140, 77, 16, 28, 31, 13, 14, 16, 7, 20, 23, 9, 28, 20, 16, 25, 16, 129, 14, 18, 10, 17, 151, 97, 17, 13, 27, 23, 23, 30, 23, 29, 27, 15, 22, 15, 15, 11, 23, 38, 10, 28, 322, 492, 24, 15, 22, 78, 7, 8, 41, 16, 23, 28, 102, 16, 80, 15, 30, 20, 8, 22, 38, 49, 17, 8, 344, 17, 28, 302, 31, 15, 14, 80, 58, 82, 11, 74, 23, 708, 80, 276, 13, 312, 11, 18, 22, 17, 23, 16, 17, 24, 18, 28, 20, 77, 21, 76, 89, 44, 54, 45, 31, 419, 11, 15, 13, 77, 15, 12, 23, 33, 29, 40, 115, 113, 17, 31, 67, 20, 69, 43, 8, 14, 13, 19, 12, 24, 25, 17, 27, 40, 47, 26, 26, 26, 28, 64, 273, 18, 82, 18, 19, 77, 23, 160, 44, 19, 9, 18, 23, 22, 118, 17, 61, 25, 12, 14, 15, 560, 34, 17, 204, 56, 77, 254, 14, 27, 19, 20, 13, 38, 8, 26, 23, 34, 29, 143, 94, 15, 22, 21, 24, 24, 19, 28, 13, 22, 20, 23, 22, 24, 57, 22, 21, 20, 18, 16, 11, 8, 25, 46, 207, 25, 28, 22, 11, 12, 11, 15, 29, 25, 39, 25, 60, 9, 39, 76, 20, 26, 10, 33, 25, 17, 233, 12, 47, 8, 12, 27, 25, 27, 67, 16, 23, 29, 22, 18, 233, 18, 14, 27, 21, 27, 64, 217, 15, 9, 25, 21, 15, 151, 17, 27, 164, 15, 12, 25, 19, 23, 11, 15, 19, 12, 13, 16, 20, 21, 24, 9, 130, 24, 11, 35, 18, 21, 24, 33, 19, 24, 27, 12, 30, 10, 13, 21, 28, 12, 32, 25, 13, 8, 20, 9, 31, 156, 22, 22, 20, 139, 152, 35, 15, 13, 172, 24, 25, 16, 16, 25, 31, 19, 73, 140, 46, 31, 28, 9, 307, 12, 117, 27, 74, 16, 27, 24, 28, 13, 35, 51, 193, 16, 13, 22, 13, 31, 14, 29, 22, 19, 12, 28, 19, 15, 11, 17, 23, 23, 53, 14, 24, 23, 27, 19, 31, 21, 18, 14, 13, 18, 10, 28, 9, 18, 26, 12, 255, 29, 27, 15, 13, 15, 24, 24, 9, 41, 31, 16, 26, 26, 8, 20, 10, 17, 20, 11, 8, 64, 106, 14, 21, 23, 13, 10, 23, 18, 23, 21, 19, 28, 89, 27, 33, 26, 15, 156, 24, 13, 28, 11, 21, 21, 24, 79, 15, 22, 27, 26, 18, 23, 19, 24, 488, 27, 28, 36, 21, 25, 258, 19, 10, 19, 40, 21, 27, 12, 22, 124, 26, 63, 20, 22, 17, 20, 40, 144, 22, 22, 29, 16, 27, 14, 182, 16, 25, 13, 16, 19, 21, 14, 13, 24, 27, 13, 16, 23, 35, 14, 27, 23, 16, 22, 20, 16, 13, 16, 14, 27, 251, 184, 12, 16, 23, 14, 23, 9, 27, 20, 17, 11, 27, 13, 107, 26, 11, 12, 25, 11, 34, 19, 50, 23, 102, 25, 19, 43, 51, 17, 434, 11, 167, 20, 186, 13, 19, 20, 18, 164, 16, 27, 24, 123, 19, 16, 76, 96, 26, 23, 21, 14, 62, 21, 21, 246, 249, 30, 28, 24, 22, 123, 316, 16, 18, 34, 25, 18, 13, 20, 23, 25, 16, 14, 18, 21, 15, 73, 24, 13, 8, 40, 26, 78, 17, 22, 44, 22, 17, 36, 32, 20, 20, 16, 19, 14, 9, 9, 28, 100, 13, 21, 23, 26, 28, 14, 24, 7, 27, 18, 19, 17, 22, 23, 24, 20, 19, 13, 17, 274, 26, 19, 68, 25, 23, 24, 27, 113, 106, 19, 25, 16, 17, 18, 94, 59, 20, 24, 28, 12, 26, 18, 15, 31, 97, 42, 59, 15, 21, 14, 170, 19, 26, 24, 13, 21, 11, 27, 21, 36, 12, 19, 32, 25, 73, 16, 25, 24, 22, 16, 17, 33, 20, 32, 35, 21, 30, 98, 21, 12, 16, 18, 27, 27, 19, 15, 24, 11, 22, 59, 23, 32, 22, 17, 13, 19, 32, 21, 19, 26, 27, 36, 11, 52, 11, 12, 18, 27, 18, 11, 16, 13, 19, 19, 13, 16, 59, 45, 10, 16, 27, 143, 18, 13, 18, 18, 19, 10, 24, 10, 23, 8, 20, 18, 13, 22, 27, 14, 114, 268, 25, 24, 14, 20, 24, 11, 62, 14, 16, 19, 34, 11, 20, 26, 26, 5, 11, 34, 7, 14, 25, 39, 75, 111, 15, 27, 25, 15, 11, 49, 14, 22, 19, 76, 27, 17, 9, 10, 28, 15, 198, 33, 25, 13, 121, 34, 21, 37, 17, 11, 17, 13, 24, 27, 12, 28, 82, 185, 21, 117, 49, 20, 25, 152, 22, 21, 22, 22, 81, 32, 20, 21, 293, 187, 10, 26, 14, 26, 24, 20, 26, 29, 42, 10, 26, 31, 17, 25, 170, 74, 45, 13, 37, 391, 15, 25, 47, 22, 33, 20, 24, 81, 22, 27, 16, 20, 44, 161, 62, 15, 27, 20, 758, 28, 12, 24, 21, 35, 25, 323, 22, 19, 24, 124, 82, 85, 60, 42, 20, 12, 23, 16, 22, 10, 54, 22, 168, 11, 9, 182, 17, 214, 133, 16, 23, 20, 44, 18, 15, 57, 64, 22, 63, 20, 22, 34, 29, 19, 24, 24, 20, 99, 19, 23, 14, 34, 21, 15, 14, 37, 26, 18, 21, 26, 8, 26, 26, 15, 13, 11, 26, 61, 13, 78, 18, 22, 24, 21, 63, 48, 13, 17, 61, 22, 8, 16, 27, 29, 18, 68, 15, 85, 13, 19, 19, 19, 27, 13, 146, 23, 17, 22, 14, 19, 51, 141, 20, 20, 14, 19, 26, 15, 225, 11, 15, 9, 14, 16, 20, 176, 13, 25, 14, 12, 18, 19, 16, 11, 30, 12, 15, 23, 56, 18, 22, 21, 20, 68, 68, 12, 24, 37, 122, 49, 59, 17, 38, 12, 33, 384, 98, 28, 17, 13, 34, 23, 14, 41, 8, 12, 11, 154, 31, 13, 22, 13, 9, 25, 24, 18, 15, 20, 31, 18, 223, 23, 19, 70, 12, 23, 12, 19, 62, 14, 173, 25, 17, 31, 96, 22, 19, 24, 10, 30, 20, 17, 66, 18, 15, 22, 92, 172, 14, 33, 9, 14, 90, 41, 22, 17, 21, 135, 14, 25, 26, 27, 34, 20, 37, 30, 151, 18, 45, 26, 12, 11, 25, 17, 42, 28, 12, 16, 24, 196, 39, 22, 27, 18, 25, 20, 26, 26, 19, 14, 233, 22, 17, 63, 41, 49, 66, 15, 66, 266, 20, 56, 604, 719, 12, 13, 29, 30, 16, 14, 24, 157, 28, 14, 18, 17, 33, 21, 13, 246, 310, 12, 92, 216, 121, 30, 532, 112, 572, 76, 231, 18, 32, 26, 16, 41, 18, 106, 275, 14, 10, 21, 30, 12, 26, 34, 22, 16, 16, 25, 19, 21, 32, 21, 21, 76, 17, 25, 33, 15, 14, 35, 23, 18, 11, 14, 21, 15, 18, 27, 51, 24, 28, 15, 127, 21, 25, 17, 20, 16, 21, 28, 23, 16, 24, 13, 28, 34, 22, 59, 21, 19, 20, 27, 21, 39, 105, 25, 11, 75, 67, 15, 33, 26, 28, 16, 25, 118, 37, 18, 24, 28, 36, 12, 25, 16, 16, 14, 21, 13, 18, 20, 13, 84, 19, 14, 17, 21, 20, 25, 11, 12, 20, 9, 23, 14, 17, 25, 20, 13, 18, 25, 29, 115, 32, 17, 22, 21, 20, 17, 214, 27, 19, 20, 9, 25, 13, 17, 18, 81, 33, 199, 156, 24, 62, 10, 24, 30, 18, 9, 91, 21, 19, 29, 39, 6, 9, 11, 26, 17, 485, 15, 19, 15, 19, 52, 10, 10, 15, 18, 14, 15, 15, 154, 58, 12, 18, 8, 26, 24, 11, 52, 27, 42, 14, 29, 31, 47, 21, 14, 25, 133, 20, 15, 210, 20, 24, 350, 109, 45, 172, 64, 56, 9, 228, 25, 17, 15, 18, 129, 14, 160, 13, 27, 22, 26, 14, 48, 10, 17, 16, 18, 27, 14, 73, 25, 27, 24, 57, 19, 80, 42, 628, 13, 10, 21, 13, 203, 422, 61, 38, 24, 28, 14, 13, 10, 22, 23, 26, 66, 89, 9, 26, 15, 41, 12, 27, 8, 10, 26, 12, 21, 16, 29, 19, 15, 18, 24, 28, 33, 24, 23, 14, 26, 31, 98, 143, 138, 9, 34, 10, 12, 55, 9, 11, 27, 25, 19, 63, 15, 96, 29, 12, 34, 9, 47, 18, 96, 14, 20, 23, 22, 33, 13, 15, 51, 32, 34, 17, 19, 21, 21, 61, 12, 27, 44, 14, 49, 21, 37, 30, 11, 21, 29, 330, 22, 46, 24, 26, 31, 11, 19, 23, 20, 32, 36, 11, 14, 14, 26, 374, 21, 26, 16, 332, 10, 62, 14, 19, 14, 19, 17, 17, 79, 401, 16, 107, 19, 27, 12, 21, 32, 52, 54, 43, 77, 37, 9, 17, 17, 55, 146, 20, 20, 13, 20, 16, 27, 59, 25, 10, 20, 22, 14, 9, 21, 76, 15, 11, 20, 26, 33, 14, 47, 14, 14, 20, 17, 18, 23, 20, 75, 7, 18, 17, 11, 13, 28, 26, 21, 20, 12, 14, 12, 20, 17, 25, 14, 16, 21, 10, 15, 20, 66, 96, 10, 22, 27, 13, 33, 11, 35, 37, 27, 8, 18, 29, 14, 12, 18, 26, 9, 14, 12, 13, 24, 274, 21, 18, 19, 35, 26, 27, 14, 14, 10, 16, 15, 24, 65, 23, 13, 23, 27, 28, 19, 20, 8, 17, 29, 27, 22, 25, 31, 26, 24, 11, 23, 27, 11, 12, 18, 23, 25, 17, 15, 18, 10, 126, 28, 11, 19, 27, 38, 23, 128, 10, 31, 17, 12, 25, 13, 17, 37, 13, 25, 25, 25, 20, 11, 32, 23, 26, 46, 14, 9, 12, 26, 19, 21, 15, 15, 23, 26, 17, 8, 28, 29, 31, 26, 13, 20, 27, 16, 15, 39, 16, 20, 19, 19, 12, 13, 23, 17, 25, 14, 15, 31, 35, 39, 24, 28, 19, 21, 9, 81, 18, 64, 27, 28, 19, 23, 25, 11, 14, 37, 46, 13, 14, 21, 33, 21, 24, 15, 13, 37, 42, 18, 17, 38, 9, 20, 17, 22, 13, 22, 21, 16, 32, 16, 24, 13, 24, 25, 19, 16, 28, 35, 29, 23, 15, 18, 9, 22, 28, 11, 19, 18, 24, 32, 12, 12, 32, 30, 12, 27, 28, 18, 11, 14, 11, 16, 16, 26, 16, 30, 22, 27, 23, 57, 35, 27]

Final Best Acc: 80.97%